3.78
3.77
3.73
3.66
3.59
3.56
3.51
3.42
3.34
3.34
3.34
3.33
3.34
3.34
3.31
3.27
3.16
2.98
2.75
2.53
2.43
2.35
2.40
2.51
2.33
2.21
2.19
2.16
2.13
2.08
2.05
2.06
2.13
2.15
2.11
2.02
1.96
1.87
1.76
1.70
1.67
1.65
1.59
1.50
1.45
1.38
1.38
1.34
1.37
1.37
1.34
1.26
1.45
1.54
1.59
1.55
1.48
1.40
1.18
1.06
1.00
1.21
1.29
1.30
1.36
1.50
1.60
1.74
1.83
1.99
2.10
2.32
2.47
2.52
2.57
2.60
2.59
2.62
2.72
2.83
2.89
2.93
3.06
3.31
3.43
3.55
3.75
4.05
4.31
4.45
4.51
4.53
4.60
4.78
4.96
5.09
5.24
5.32
5.35
5.30
5.26
5.32
5.35
5.39
5.41
5.36
5.34
5.40
5.48
5.62
5.85
5.87
5.82
5.87
5.98
6.03
6.21
6.46
6.59
6.77
7.08
7.35
7.57
7.78
7.74
7.71
7.77
7.79
7.74
7.67
7.66
7.71
7.75
7.92
8.04
8.17
8.36
8.89
9.51
10.03
10.26
10.56
11.41
12.97
13.85
15.57
17.08
16.64
15.55
14.68
14.12
13.85
13.84
14.21
14.88
15.53
16.18
16.44
16.51
16.72
17.05
17.40
17.32
17.24
17.15
17.06
17.05
17.34
18.08
19.10
20.07
20.67
21.11
21.08
20.67
20.05
19.95
20.34
20.92
21.23
21.77
22.18
22.52
22.98
23.42
23.86
24.42
25.03
25.49
25.81
26.23
26.28
25.68
24.93
24.46
24.37
24.44
24.51
24.53
24.64
24.77
24.74
24.73
24.78
24.85
24.98
25.12
25.23
25.29
25.18
25.07
25.00
24.96
24.81
24.50
24.32
24.19
24.08
24.06
24.08
24.22
24.37
24.57
24.62
24.55
24.56
24.54
24.43
24.21
24.07
24.06
24.04
24.08
24.21
24.36
24.49
24.61
24.58
24.40
24.32
24.31
24.20
24.06
24.00
23.93
23.79
23.63
23.48
23.21
22.92
22.70
22.40
22.13
21.89
21.63
21.49
21.27
20.97
20.75
20.64
20.46
20.24
20.01
19.79
19.60
19.44
19.35
19.42
19.59
19.71
19.70
19.62
19.43
19.09
18.71
18.30
17.94
17.61
17.40
17.23
17.10
17.05
16.99
16.95
16.88
16.83
16.83
16.71
16.47
16.16
16.00
16.01
15.99
15.84
15.61
15.45
15.50
15.32
14.89
14.40
13.82
13.43
13.12
12.89
12.83
12.64
12.29
12.10
12.09
12.07
12.03
12.17
12.37
12.47
12.53
12.42
12.26
12.09
11.87
11.74
11.53
11.12
10.63
10.31
10.18
10.08
9.82
9.43
9.25
8.87
8.50
8.86
9.04
9.01
8.85
8.51
8.29
8.17
8.12
8.06
7.91
7.66
7.40
7.14
7.00
6.95
6.95
6.85
6.67
6.56
6.47
6.30
6.09
5.89
5.76
5.48
5.33
5.13
4.95
4.71
4.51
4.30
4.16
4.07
4.03
3.97
3.97
