4.06
4.06
4.07
4.06
4.00
3.97
3.92
3.82
3.65
3.42
3.22
3.05
3.12
3.01
2.81
2.59
2.22
2.13
1.76
1.50
1.32
1.16
1.17
1.34
1.03
0.74
0.71
0.46
0.46
0.30
0.23
0.20
0.20
0.32
0.25
0.20
0.30
0.28
0.27
0.20
0.20
0.20
0.20
0.20
0.20
0.20
0.20
0.20
0.20
0.20
0.20
0.20
0.20
0.20
0.20
0.20
0.20
0.20
0.20
0.20
0.20
0.20
0.20
0.20
0.20
0.20
0.20
0.20
0.20
0.20
0.27
0.32
0.38
0.44
0.84
0.82
0.88
1.03
1.19
1.29
1.47
1.56
1.70
1.75
1.77
1.80
1.91
2.01
2.07
2.14
2.21
2.32
2.47
2.48
2.60
2.98
3.18
3.43
3.66
3.65
3.69
3.84
4.03
4.17
4.25
4.36
4.42
4.61
4.94
5.12
5.21
5.29
5.50
5.60
5.71
5.87
5.94
6.07
6.11
6.19
6.47
6.90
7.27
7.65
7.96
8.05
7.98
7.78
7.80
7.70
7.69
7.90
8.18
8.36
8.52
8.71
8.97
9.32
9.70
9.80
9.90
10.22
10.54
10.70
11.30
11.87
12.23
12.50
12.82
13.19
13.52
13.64
13.51
13.44
13.46
13.68
14.13
14.64
14.94
15.12
15.22
15.33
15.56
15.56
15.39
15.59
16.05
16.61
17.33
17.53
17.29
17.13
17.43
18.09
18.54
18.82
19.30
20.27
21.11
21.33
21.36
21.70
22.39
23.31
24.08
24.55
24.34
23.48
22.91
23.06
23.63
23.65
23.37
23.39
23.55
23.72
23.92
24.16
24.35
24.52
24.68
24.52
24.12
23.79
23.61
23.63
23.80
23.98
24.08
24.16
24.27
24.31
24.32
24.38
24.50
24.67
24.83
24.86
24.71
24.53
24.34
24.22
24.16
24.17
24.14
24.04
23.98
23.94
23.98
24.09
24.19
24.26
24.27
24.07
23.83
23.57
23.37
23.18
22.84
22.59
22.48
22.37
22.29
22.19
22.03
21.94
21.86
21.84
21.80
21.75
21.68
21.60
21.74
22.03
21.88
21.56
21.39
21.35
21.39
21.38
21.39
21.44
21.57
21.78
21.85
21.54
21.24
21.06
20.90
20.84
20.86
20.82
20.84
20.96
20.71
20.10
19.57
19.24
18.94
18.64
18.53
18.48
18.41
18.21
17.81
17.48
17.19
16.89
16.69
16.32
15.91
15.71
15.62
15.50
15.30
15.06
14.88
14.73
14.58
14.47
14.46
14.43
14.37
14.24
13.99
13.67
13.31
12.96
12.58
12.34
11.76
10.64
10.05
9.66
9.17
8.79
8.54
8.30
8.13
8.03
7.92
7.86
7.79
7.70
7.59
7.44
7.36
7.34
7.33
7.33
7.33
7.28
7.17
7.03
6.85
6.64
6.34
6.12
5.92
5.70
5.60
5.52
5.42
5.24
5.14
5.07
5.02
4.83
4.54
4.32
4.18
4.05
3.93
3.90
3.92
3.96
4.03
4.03
4.04
4.09
4.09
4.05
4.03
4.01
3.91
