3.53
3.38
3.34
3.30
3.27
3.27
3.24
3.15
3.04
2.88
2.77
2.65
2.56
2.53
2.49
2.45
2.19
2.17
2.13
2.03
2.05
2.10
2.09
2.12
2.15
2.12
2.10
2.08
2.02
1.93
1.85
1.85
1.84
1.85
1.82
1.78
1.75
1.64
1.57
1.58
1.59
1.59
1.59
1.54
1.40
1.37
1.40
1.38
1.40
1.40
1.32
1.31
1.47
1.52
1.49
1.43
1.39
1.28
1.21
1.13
1.11
1.15
1.16
1.22
1.26
1.22
1.24
1.36
1.41
1.46
1.46
1.47
1.51
1.56
1.55
1.50
1.55
1.56
1.57
1.55
1.52
1.51
1.56
1.62
1.69
1.78
1.91
1.96
2.07
2.21
2.27
2.33
2.38
2.34
2.38
2.43
2.43
2.48
2.57
2.59
2.58
2.61
2.61
2.65
2.65
2.61
2.64
2.74
2.81
2.78
2.92
2.95
2.98
2.99
3.04
3.06
3.24
3.42
3.53
3.69
3.89
4.03
4.16
4.26
4.29
4.28
4.33
4.28
4.20
4.15
4.19
4.30
4.36
4.47
4.57
4.69
4.84
5.15
5.61
5.92
6.09
6.52
7.36
8.01
8.19
8.63
9.35
9.50
8.97
8.49
8.20
8.04
8.12
8.66
9.35
9.91
10.21
10.19
10.11
10.31
10.78
10.81
10.22
9.86
9.99
10.43
11.11
12.09
13.39
14.57
15.58
15.94
15.87
15.82
15.72
15.34
14.98
14.90
15.44
15.85
16.87
17.91
18.78
19.26
19.68
20.14
20.61
21.15
21.54
21.88
22.29
22.18
21.43
20.77
20.21
20.09
20.30
20.43
20.48
20.51
20.45
20.32
20.28
20.31
20.39
20.61
20.79
20.96
21.07
21.13
21.18
21.27
21.46
21.65
21.58
21.28
20.92
20.64
20.59
20.79
20.97
21.24
21.51
21.55
21.61
21.81
22.05
22.05
21.86
21.66
21.51
21.38
21.31
21.24
21.27
21.45
21.52
21.51
21.35
21.04
20.72
20.38
20.17
20.06
19.95
19.83
19.68
19.29
18.85
18.63
18.52
18.30
17.93
17.54
17.33
17.10
16.69
16.44
16.28
16.20
16.12
15.98
15.87
15.81
15.76
15.78
15.91
15.96
16.02
16.02
15.93
15.82
15.72
15.58
15.35
15.08
14.80
14.53
14.45
14.34
14.15
14.02
13.96
13.95
13.91
13.79
13.69
13.57
13.43
13.12
12.91
12.82
12.57
12.44
12.32
12.12
11.92
11.36
10.89
10.52
10.37
10.31
10.18
10.00
9.86
9.68
9.52
9.46
9.50
9.51
9.52
9.65
9.79
9.81
9.69
9.49
9.38
9.32
9.19
9.10
8.95
8.65
8.28
7.96
7.82
7.68
7.53
7.27
7.12
6.90
6.79
7.00
7.11
7.11
7.07
7.00
6.97
6.93
6.87
6.75
6.62
6.53
6.46
6.37
6.30
6.26
6.16
5.81
5.69
5.60
5.54
5.43
5.27
5.20
5.11
5.04
4.98
4.95
4.88
4.79
4.64
4.49
4.45
4.17
4.15
4.13
4.13
