3.50
3.43
3.43
3.46
3.45
3.37
3.30
3.21
3.09
2.98
2.83
2.66
2.65
2.51
2.47
2.43
2.37
2.28
2.11
1.96
1.84
1.68
1.75
1.70
1.56
1.47
1.37
1.16
1.29
1.28
1.14
1.02
0.93
0.92
0.89
0.97
0.92
0.87
0.86
0.83
0.68
0.58
0.57
0.61
0.63
0.62
0.60
0.55
0.49
0.49
0.45
0.45
0.48
0.49
0.45
0.49
0.46
0.41
0.37
0.20
0.32
0.29
0.28
0.22
0.29
0.24
0.20
0.20
0.20
0.20
0.33
0.34
0.35
0.35
0.64
0.60
0.71
0.58
0.70
0.81
1.02
1.09
1.17
1.06
1.09
1.07
1.13
1.20
1.16
1.06
1.10
1.13
1.16
1.17
1.18
1.30
1.39
1.48
1.61
1.62
1.74
1.77
1.85
1.89
2.01
1.97
1.92
1.97
2.02
1.99
2.02
2.13
2.26
2.31
2.34
2.38
2.38
2.52
2.58
2.63
2.75
2.85
2.92
3.03
3.20
3.30
3.31
3.32
3.38
3.43
3.48
3.64
3.84
4.01
4.10
4.11
4.17
4.23
4.33
4.42
4.52
4.63
4.83
5.05
5.30
5.47
5.56
5.71
5.84
5.89
5.91
6.02
6.03
6.02
6.18
6.59
7.09
7.61
7.92
7.79
7.49
7.41
7.53
7.63
7.66
7.81
8.06
8.61
9.16
9.51
9.67
9.78
10.17
10.75
11.27
11.75
12.20
12.88
13.45
13.83
13.87
14.51
15.78
16.87
17.64
17.79
17.24
16.74
16.73
17.04
17.40
17.33
17.08
17.08
17.11
17.37
17.79
18.11
18.40
18.70
18.69
18.58
18.37
18.18
18.20
18.44
18.84
19.12
19.39
19.41
19.23
19.15
19.35
19.69
19.99
20.18
20.31
20.37
20.41
20.22
19.95
19.76
19.76
19.88
19.92
19.88
19.85
19.86
19.95
20.06
20.15
20.22
20.17
19.90
19.66
19.57
19.60
19.57
19.41
19.20
18.99
18.75
18.59
18.49
18.33
18.13
17.87
17.73
17.64
17.42
17.28
17.21
17.17
17.08
16.93
16.82
16.69
16.66
16.83
17.05
17.18
17.29
17.49
17.63
17.54
17.35
17.32
17.22
16.92
16.76
16.61
16.46
16.29
16.05
15.63
15.21
14.95
14.80
14.69
14.59
14.60
14.62
14.61
14.55
14.36
13.99
13.54
13.24
12.95
12.47
12.01
11.79
11.69
11.52
11.30
11.09
10.91
10.83
10.81
10.76
10.73
10.72
10.69
10.60
10.46
10.21
9.91
9.60
9.24
8.93
8.42
7.89
7.71
7.48
7.19
6.97
6.77
6.56
6.42
6.34
6.20
6.22
6.18
6.15
6.11
6.08
6.06
5.98
6.02
6.01
5.98
5.93
5.86
5.75
5.65
5.55
5.46
5.40
5.26
5.09
4.94
4.92
4.87
4.76
4.61
4.40
4.07
4.02
3.95
3.88
3.84
3.78
3.67
3.65
3.67
3.80
3.83
3.81
3.81
3.77
3.73
3.69
3.65
3.62
3.57
