4.19
4.15
4.17
4.23
4.31
4.32
4.28
4.23
4.15
4.07
3.94
3.82
3.69
3.59
3.56
3.41
3.37
3.24
3.10
2.86
2.80
2.76
2.76
2.72
2.50
2.45
2.50
2.19
2.03
1.95
1.79
1.54
1.73
1.73
1.66
1.73
1.72
1.61
1.58
1.60
1.56
1.57
1.50
1.44
1.39
1.51
1.48
1.41
1.34
1.24
1.36
1.49
1.41
1.50
1.46
1.42
1.36
1.28
1.30
1.11
1.10
1.16
1.13
0.94
0.90
1.00
0.89
0.96
1.11
1.25
1.37
1.45
1.43
1.45
1.41
1.41
1.49
1.53
1.62
1.73
1.82
1.91
1.99
1.99
1.99
2.06
2.07
2.00
1.95
1.94
1.98
2.04
2.10
2.11
2.13
2.19
2.36
2.47
2.49
2.50
2.54
2.68
2.64
2.70
2.81
2.87
2.95
3.04
3.13
3.22
3.26
3.26
3.20
3.19
3.35
3.37
3.35
3.35
3.36
3.43
3.52
3.59
3.63
3.76
3.95
4.07
4.15
4.20
4.24
4.25
4.27
4.35
4.48
4.65
4.88
4.95
4.97
5.04
5.14
5.21
5.39
5.71
5.93
6.21
6.77
7.04
6.96
7.05
7.26
7.35
7.40
7.27
7.09
7.19
7.62
8.32
8.97
9.51
9.63
9.40
9.20
9.18
9.09
8.88
8.80
9.01
9.32
9.73
10.18
10.36
10.45
10.54
11.07
11.66
12.13
12.41
12.82
13.62
14.64
15.81
16.44
17.24
18.07
18.74
19.20
19.20
18.65
17.92
17.86
18.20
18.46
18.35
18.42
18.82
19.23
19.61
19.81
20.02
20.17
20.25
20.07
19.78
19.58
19.44
19.53
19.76
19.92
20.00
20.16
20.26
20.27
20.32
20.52
20.85
21.23
21.44
21.54
21.61
21.66
21.56
21.51
21.56
21.62
21.66
21.70
21.66
21.60
21.56
21.57
21.63
21.72
21.75
21.68
21.51
21.34
21.24
21.10
20.79
20.45
20.18
19.88
19.68
19.55
19.37
19.20
19.05
18.82
18.69
18.55
18.32
18.26
18.15
18.14
18.13
17.96
17.75
17.65
17.75
18.01
18.29
18.41
18.48
18.69
18.82
18.48
18.11
18.04
17.92
17.69
17.59
17.42
17.28
17.22
16.89
16.35
15.93
15.63
15.41
15.27
15.16
15.15
15.15
15.09
14.87
14.50
14.04
13.52
13.28
13.01
12.61
12.29
12.15
11.92
11.63
11.32
10.98
10.83
10.78
10.77
10.78
10.71
10.61
10.49
10.38
10.24
10.04
9.79
9.54
9.24
9.08
8.54
8.36
8.20
7.86
7.57
7.27
6.98
6.80
6.70
6.61
6.50
6.51
6.46
6.41
6.38
6.37
6.38
6.38
6.36
6.34
6.28
6.23
6.16
6.05
5.92
5.82
5.75
5.73
5.67
5.51
5.37
5.23
5.08
4.96
4.79
4.67
4.52
4.50
4.49
4.47
4.44
4.40
4.39
4.41
4.47
4.54
4.61
4.58
4.61
4.60
4.47
4.36
4.32
4.28
4.21
