4.14
4.12
4.08
4.04
3.99
3.96
3.91
3.87
3.87
3.83
3.78
3.64
3.55
3.52
3.47
3.38
3.18
3.16
3.09
2.99
2.97
3.03
3.04
3.06
3.04
3.01
3.00
2.97
2.97
2.94
2.80
2.92
2.95
2.98
2.92
2.82
2.76
2.68
2.66
2.66
2.60
2.61
2.61
2.53
2.45
2.45
2.35
2.28
2.38
2.32
2.33
2.33
2.47
2.54
2.50
2.44
2.38
2.32
2.25
2.26
2.25
2.29
2.30
2.34
2.36
2.38
2.46
2.58
2.59
2.57
2.54
2.54
2.55
2.54
2.50
2.53
2.64
2.63
2.57
2.47
2.39
2.38
2.37
2.40
2.47
2.55
2.63
2.71
2.81
2.94
2.98
2.97
3.14
3.25
3.30
3.31
3.31
3.36
3.34
3.30
3.29
3.32
3.33
3.33
3.31
3.31
3.35
3.43
3.54
3.61
3.64
3.65
3.64
3.66
3.71
3.78
3.91
3.97
4.07
4.23
4.34
4.42
4.66
4.79
4.78
4.81
4.88
4.86
4.76
4.73
4.79
4.86
4.95
5.05
5.16
5.35
5.49
5.73
6.14
6.54
6.83
7.27
7.99
8.78
9.01
9.81
10.53
10.56
10.37
10.25
10.21
10.13
10.29
10.86
11.02
11.14
11.30
11.40
11.39
11.40
11.31
11.06
10.78
10.77
10.95
11.27
11.74
12.43
13.26
14.18
15.03
15.18
15.03
15.06
15.03
15.10
15.38
16.06
17.09
18.14
19.07
19.88
20.46
21.13
21.94
22.54
23.05
23.47
23.75
23.87
23.72
23.19
22.78
22.42
22.16
22.07
21.99
21.86
21.85
21.93
21.91
21.78
21.75
21.90
22.02
22.18
22.33
22.49
22.58
22.63
22.70
22.70
22.64
22.59
22.39
21.94
21.47
21.26
21.26
21.34
21.48
21.60
21.75
21.89
22.13
22.36
22.57
22.56
22.40
22.29
22.19
22.12
22.13
22.21
22.37
22.55
22.64
22.70
22.72
22.70
22.54
22.23
21.93
21.65
21.33
21.07
20.84
20.46
20.15
19.98
19.85
19.57
19.07
18.52
18.23
18.06
17.84
17.72
17.69
17.66
17.61
17.54
17.38
17.25
17.16
17.15
17.21
17.29
17.37
17.34
17.15
16.84
16.53
16.18
15.91
15.65
15.31
15.04
14.94
14.78
14.67
14.64
14.58
14.49
14.40
14.27
14.12
13.98
13.70
13.40
13.32
13.26
13.00
12.85
12.54
12.13
11.72
11.08
10.77
10.63
10.61
10.56
10.35
10.10
10.00
9.80
9.61
9.64
9.75
9.76
9.74
9.77
9.81
9.78
9.52
9.32
9.21
9.10
8.93
8.73
8.42
8.13
7.92
7.82
7.76
7.69
7.61
7.53
7.49
7.49
7.48
7.46
7.48
7.46
7.35
7.19
7.11
7.06
7.01
6.98
6.93
6.84
6.73
6.63
6.62
6.64
6.57
6.43
6.32
6.21
6.12
6.03
5.94
5.86
5.68
5.60
5.53
5.47
5.34
5.20
5.10
4.95
4.91
4.82
4.80
4.75
4.75
