4.42
4.40
4.37
4.30
4.23
4.20
4.18
4.12
4.09
4.07
4.01
3.94
3.84
3.81
3.79
3.74
3.63
3.57
3.45
3.34
3.33
3.36
3.39
3.34
3.29
3.23
3.13
3.05
3.03
2.99
2.99
2.94
3.02
3.10
3.08
2.99
2.94
2.86
2.79
2.58
2.60
2.65
2.83
2.74
2.62
2.61
2.71
2.72
2.72
2.73
2.77
2.71
2.84
2.89
2.91
2.89
2.82
2.77
2.72
2.61
2.51
2.64
2.74
2.79
2.87
2.93
2.95
3.05
3.14
3.10
3.06
3.12
3.20
3.25
3.21
3.17
3.20
3.25
3.29
3.34
3.36
3.37
3.38
3.38
3.40
3.46
3.52
3.57
3.64
3.70
3.75
3.78
3.80
3.81
3.86
3.93
4.00
4.09
4.09
4.05
4.04
4.05
4.07
4.16
4.21
4.20
4.20
4.26
4.34
4.41
4.46
4.44
4.41
4.45
4.48
4.52
4.62
4.69
4.71
4.82
4.98
5.14
5.26
5.45
5.37
5.31
5.35
5.38
5.35
5.27
5.23
5.23
5.24
5.35
5.52
5.78
6.07
6.49
6.89
7.14
7.33
7.87
8.91
10.18
10.74
11.93
13.63
13.44
12.38
11.58
11.13
10.82
10.88
11.48
12.36
13.07
13.60
13.56
13.53
13.79
14.33
14.72
14.56
14.27
14.20
14.42
14.91
15.76
16.86
18.10
19.08
19.96
20.71
20.92
20.46
19.55
19.10
19.10
19.26
19.37
19.76
20.28
20.85
21.30
21.72
22.11
22.47
23.07
23.72
24.20
24.72
24.92
24.62
24.01
23.51
23.26
23.29
23.18
22.91
22.84
23.11
23.22
23.28
23.43
23.55
23.60
23.72
23.83
23.86
23.81
23.75
23.83
24.01
24.12
23.94
23.52
23.12
22.78
22.77
22.87
23.06
23.20
23.39
23.51
23.57
23.83
23.92
23.84
23.72
23.59
23.46
23.31
23.26
23.32
23.50
23.73
23.88
23.78
23.53
23.24
22.90
22.61
22.32
22.22
22.21
22.10
21.93
21.72
21.41
21.12
20.97
20.83
20.52
20.19
19.92
19.75
19.58
19.36
19.18
19.08
18.98
18.85
18.68
18.50
18.39
18.30
18.30
18.39
18.56
18.68
18.82
18.91
18.77
18.33
17.87
17.52
17.17
16.79
16.52
16.29
15.91
15.56
15.39
15.35
15.33
15.29
15.18
15.07
14.95
14.68
14.47
14.44
14.43
14.24
13.96
13.85
13.98
13.89
13.63
13.20
12.79
12.49
12.26
12.07
11.97
11.82
11.45
10.97
10.70
10.63
10.55
10.60
10.79
10.83
10.82
10.73
10.61
10.43
10.20
10.10
10.00
9.73
9.33
8.84
8.56
8.52
8.50
8.31
8.22
8.07
8.01
7.99
8.00
8.00
7.97
7.83
7.70
7.62
7.53
7.38
7.22
7.13
7.10
7.00
6.86
6.76
6.72
6.60
6.50
6.45
6.33
6.06
5.90
5.87
5.90
5.91
5.85
5.82
5.78
5.66
5.50
5.41
5.33
5.20
5.10
5.10
5.10
