4.59
4.62
4.70
4.71
4.67
4.58
4.50
4.42
4.28
4.12
3.98
3.79
3.76
3.66
3.57
3.57
3.40
3.45
3.16
2.93
2.72
2.67
2.74
2.76
2.61
2.64
2.52
2.37
2.35
2.39
2.30
2.04
2.12
2.41
2.60
2.55
2.48
2.22
2.29
2.23
2.12
2.02
1.93
2.01
2.02
2.08
2.04
1.89
1.76
1.65
1.40
1.61
1.85
1.89
1.95
1.85
1.53
1.51
1.36
1.12
1.36
1.29
1.35
1.39
1.35
1.35
1.27
1.32
1.54
1.80
1.92
1.97
1.97
1.97
1.90
1.86
1.87
1.94
2.05
2.13
2.20
2.29
2.37
2.28
2.27
2.30
2.35
2.38
2.33
2.26
2.23
2.26
2.31
2.26
2.32
2.51
2.63
2.74
2.75
2.75
2.85
2.96
3.04
3.04
3.05
3.02
2.91
2.95
3.09
3.23
3.38
3.50
3.48
3.30
3.22
3.38
3.54
3.62
3.62
3.68
3.81
4.01
4.21
4.40
4.60
4.74
4.69
4.62
4.62
4.58
4.54
4.62
4.74
4.81
4.84
5.01
5.30
5.63
6.18
5.86
5.60
5.63
5.83
5.96
6.18
6.54
6.81
6.87
6.87
6.95
7.10
7.19
7.12
7.04
7.11
7.51
8.19
8.69
8.95
8.95
8.75
8.62
8.72
9.02
9.43
9.84
10.46
11.25
12.52
13.12
13.12
12.97
12.90
13.29
14.11
15.12
16.03
17.00
17.67
18.05
18.09
18.33
19.08
19.93
20.81
21.60
21.47
20.84
20.59
20.73
21.20
21.33
20.98
20.83
20.85
21.03
21.42
21.67
22.02
22.31
22.39
22.18
21.93
21.74
21.67
21.78
22.15
22.57
22.71
22.76
22.72
22.66
22.74
22.89
23.05
23.12
23.17
23.18
23.04
22.82
22.44
22.07
21.79
21.80
21.91
21.75
21.64
21.72
21.91
22.12
22.17
22.25
22.35
22.20
21.87
21.60
21.51
21.51
21.43
21.28
21.07
20.90
20.78
20.66
20.41
20.22
20.06
20.03
20.02
19.86
19.63
19.45
19.35
19.33
19.20
19.09
18.99
18.93
18.93
18.99
19.02
19.14
19.32
19.55
19.64
19.43
19.07
18.89
18.76
18.69
18.69
18.62
18.66
18.79
18.29
17.46
16.85
16.58
16.35
16.07
15.97
15.90
15.80
15.77
15.53
15.12
14.90
14.70
14.51
14.17
13.72
13.48
13.38
13.20
12.96
12.72
12.57
12.44
12.30
12.22
12.21
12.20
12.10
11.82
11.30
10.61
9.98
9.64
9.34
9.12
8.85
8.31
8.01
7.85
7.58
7.34
7.20
7.07
6.96
6.87
6.82
6.79
6.69
6.59
6.55
6.49
6.41
6.36
6.33
6.35
6.35
6.27
6.18
6.06
5.95
5.87
5.80
5.73
5.57
5.38
5.26
5.28
5.21
5.21
5.10
5.00
4.92
4.83
4.72
4.63
4.57
4.47
4.44
4.39
4.43
4.48
4.55
4.55
4.47
4.52
4.54
4.50
4.48
4.47
4.45
