2.92
2.87
2.85
2.89
2.87
2.87
2.88
2.87
2.79
2.62
1.95
1.89
1.52
0.87
0.80
0.76
0.72
0.46
0.20
0.20
0.20
0.20
0.20
0.20
0.20
0.20
0.20
0.20
0.20
0.20
0.20
0.20
0.20
0.20
0.20
0.20
0.20
0.20
0.20
0.20
0.20
0.20
0.20
0.20
0.20
0.20
0.20
0.20
0.20
0.20
0.20
0.20
0.20
0.20
0.20
0.20
0.20
0.20
0.20
0.20
0.20
0.20
0.20
0.20
0.20
0.20
0.20
0.20
0.20
0.20
0.20
0.20
0.20
0.20
1.41
0.89
1.64
1.85
2.10
2.31
2.51
2.94
3.11
3.33
3.39
3.39
3.43
3.50
3.59
3.65
3.70
3.98
4.34
4.46
4.68
5.22
5.50
5.83
6.12
6.28
6.55
6.81
6.87
6.92
6.98
6.98
7.04
7.16
7.45
7.67
7.79
7.92
8.08
8.18
8.37
8.54
8.58
8.68
8.68
8.65
8.76
8.92
9.14
9.43
9.80
9.83
9.65
9.55
9.69
9.83
9.89
9.93
9.95
10.08
10.30
10.37
10.52
10.97
11.42
11.36
11.40
11.68
12.13
12.98
14.06
14.50
14.77
14.93
15.05
15.12
15.25
15.34
15.29
15.22
15.25
15.37
15.64
16.03
16.16
16.25
16.35
16.45
16.49
16.34
16.21
16.31
16.52
16.87
17.33
17.39
17.01
16.95
17.16
17.67
18.06
18.62
19.34
20.06
20.90
21.53
21.79
22.14
22.77
23.41
23.84
24.08
23.65
22.86
22.53
22.74
23.19
23.35
23.15
23.30
23.53
23.74
23.96
24.22
24.30
24.52
25.04
24.75
24.04
23.57
23.34
23.44
23.66
23.84
23.99
24.08
24.05
23.82
23.60
23.56
23.71
24.03
24.26
24.25
24.05
23.88
23.75
23.62
23.60
23.68
23.83
23.77
23.59
23.60
23.68
23.86
24.09
24.11
23.94
23.75
23.46
23.06
22.76
22.59
22.32
22.12
22.08
22.05
21.96
21.72
21.41
21.26
21.15
21.04
20.92
20.82
20.66
20.49
20.64
20.94
20.52
20.22
20.22
20.24
20.39
20.48
20.51
20.56
20.78
21.04
21.11
20.83
20.42
20.13
19.73
19.38
18.98
18.67
18.73
18.70
18.18
17.27
16.71
16.28
15.97
15.82
15.81
15.87
15.87
15.70
15.24
14.68
14.13
13.63
13.25
12.63
12.20
12.07
12.10
12.06
11.92
11.80
11.81
11.69
11.55
11.49
11.53
11.52
11.39
11.07
10.48
9.87
9.38
8.82
8.18
7.85
7.27
6.59
6.25
5.87
5.26
4.75
4.40
4.13
3.82
3.70
3.78
3.83
3.97
4.21
4.32
4.32
4.35
4.52
4.66
4.71
4.68
4.64
4.64
4.61
4.54
4.38
4.22
4.01
3.75
3.27
3.18
3.01
2.85
2.70
2.54
2.30
2.36
2.30
2.24
2.19
2.18
2.08
1.94
1.88
1.90
0.98
1.84
1.89
1.81
1.86
2.48
2.66
2.77
2.85
2.78
