2.72
2.70
2.70
2.67
2.66
2.69
2.67
2.64
2.61
2.56
2.48
2.38
2.30
2.25
2.23
2.22
2.07
1.52
1.12
0.79
0.82
0.20
0.20
0.20
0.20
0.20
1.06
1.25
1.27
1.29
1.30
0.20
1.27
1.69
1.76
1.70
1.60
0.87
0.90
0.78
0.72
0.73
0.73
0.67
0.20
0.20
0.20
0.24
0.20
0.20
0.20
0.20
0.20
0.47
0.49
0.33
0.32
0.52
0.20
0.20
0.20
0.44
0.50
0.51
0.97
0.94
1.34
1.60
1.89
2.28
2.43
2.71
3.08
3.11
3.09
3.13
3.24
3.34
3.42
3.52
3.58
3.57
3.66
3.79
3.98
4.14
4.49
4.98
5.34
5.59
5.76
5.81
5.90
6.16
6.37
6.45
6.46
6.58
6.69
6.52
6.38
6.30
6.22
6.14
6.05
5.75
5.47
5.26
5.21
5.38
5.48
5.50
5.53
5.61
5.80
6.01
6.35
6.70
7.02
7.63
8.49
9.12
9.32
9.41
9.45
9.34
9.26
9.22
8.99
8.71
8.53
8.42
8.43
8.73
8.92
8.99
9.16
9.62
10.29
11.04
11.62
12.49
13.44
14.60
15.21
16.45
17.68
17.03
16.18
15.83
15.58
15.52
15.58
15.84
16.33
17.07
17.80
18.14
18.20
18.14
18.33
18.76
18.95
18.93
18.78
18.67
18.70
18.96
19.42
19.99
20.61
20.84
20.82
20.91
20.79
20.58
20.66
21.07
21.53
21.91
22.52
22.94
23.32
23.79
24.32
24.53
24.72
25.06
25.42
25.70
26.06
26.02
25.49
24.97
24.64
24.63
24.70
24.66
24.65
24.73
24.84
24.80
24.71
24.56
24.47
24.48
24.60
24.91
25.16
25.04
24.83
24.70
24.62
24.39
23.99
23.81
23.72
23.66
23.72
23.78
23.97
24.22
24.52
24.64
24.63
24.63
24.56
24.47
24.21
23.86
23.63
23.56
23.58
23.75
24.02
24.26
24.40
24.44
24.36
24.26
23.98
23.68
23.59
23.46
23.31
23.21
23.11
22.88
22.54
22.18
21.98
21.61
21.06
20.53
20.23
20.12
19.98
19.79
19.50
19.34
19.22
18.93
18.48
18.10
17.94
17.93
18.06
18.46
18.81
18.91
18.90
18.79
18.50
17.99
17.32
16.66
16.04
15.57
15.34
15.21
15.17
15.16
15.19
15.28
15.34
15.40
15.43
15.29
14.92
14.29
14.02
14.11
14.14
14.00
13.81
13.62
13.68
13.51
13.00
12.29
11.64
11.35
11.05
10.41
9.91
9.61
9.28
9.07
9.17
9.37
9.55
9.98
10.41
10.65
11.03
11.32
11.15
10.89
10.50
10.28
9.84
8.81
7.97
7.70
7.59
7.35
6.62
6.03
5.63
4.71
4.18
5.64
6.42
6.43
6.21
5.69
5.14
4.88
4.89
4.92
4.76
4.49
4.13
3.97
4.03
3.96
3.94
3.86
3.84
3.74
3.53
3.32
3.15
3.06
3.06
3.04
3.05
3.03
2.98
2.87
2.75
2.16
2.27
2.25
2.54
2.60
2.60
