3.23
3.20
3.09
3.09
3.06
3.03
3.00
2.96
2.94
2.81
2.70
2.61
2.54
2.50
2.44
2.38
2.22
2.23
2.23
2.26
2.28
2.28
2.27
2.25
2.23
2.12
2.09
2.07
2.03
1.99
1.87
1.88
1.89
1.92
1.93
1.91
1.92
1.86
1.79
1.69
1.61
1.63
1.60
1.53
1.42
1.37
1.41
1.32
1.34
1.35
1.37
1.48
1.56
1.56
1.55
1.54
1.47
1.38
1.27
1.22
1.20
1.22
1.22
1.20
1.23
1.22
1.23
1.26
1.25
1.21
1.17
1.19
1.17
1.15
1.15
1.17
1.25
1.25
1.25
1.25
1.26
1.22
1.28
1.32
1.34
1.38
1.44
1.47
1.50
1.56
1.61
1.68
1.75
1.81
1.82
1.80
1.77
1.75
1.75
1.77
1.76
1.75
1.77
1.77
1.74
1.73
1.78
1.83
1.86
1.87
1.89
1.93
1.98
2.00
2.06
2.14
2.24
2.28
2.32
2.40
2.49
2.57
2.69
2.67
2.62
2.59
2.60
2.60
2.57
2.56
2.64
2.73
2.82
2.88
2.92
2.94
2.96
3.33
3.79
4.08
4.35
4.65
5.09
5.29
5.16
5.00
4.91
4.70
4.39
4.17
4.08
4.16
4.34
4.56
4.57
4.52
4.60
4.58
4.63
4.95
5.38
5.19
4.87
4.81
4.87
5.04
5.35
5.82
6.46
6.93
7.10
7.14
7.12
7.15
7.26
7.32
7.48
7.88
8.42
8.93
9.54
10.59
11.51
12.04
12.18
12.28
12.50
12.75
12.84
13.01
13.09
12.98
12.94
13.04
13.31
13.34
13.29
13.44
13.68
13.85
13.69
13.38
13.46
13.71
13.90
14.28
14.57
14.67
14.65
14.78
15.09
15.42
15.78
15.96
15.73
15.41
15.31
15.41
15.67
15.97
16.16
16.35
16.49
16.58
16.82
17.09
17.17
17.05
17.00
17.04
17.06
17.15
17.38
17.70
17.94
18.21
18.29
18.14
17.98
17.84
17.65
17.25
16.83
16.41
15.90
15.54
14.94
13.95
13.45
13.24
12.85
12.59
12.37
12.26
12.31
12.31
12.19
12.12
12.11
12.11
12.09
12.08
12.04
11.98
12.03
12.08
12.16
12.15
12.10
12.07
12.03
11.98
11.85
11.73
11.56
11.39
11.25
11.21
11.12
10.97
10.87
10.86
10.82
10.73
10.63
10.46
10.28
10.20
10.12
9.95
9.82
9.70
9.64
9.62
9.25
8.92
8.42
7.64
7.45
7.35
7.26
7.21
7.18
7.17
7.15
7.05
6.99
7.08
7.13
7.09
7.13
7.24
7.36
7.34
7.15
6.85
6.62
6.47
6.33
6.25
6.11
5.92
5.73
5.55
5.51
5.45
5.36
5.31
5.23
5.21
5.20
5.19
5.18
5.16
5.14
5.13
5.12
5.09
5.05
5.03
5.01
4.99
4.98
4.97
4.94
4.91
4.80
4.72
4.63
4.57
4.50
4.46
4.46
4.46
4.35
4.30
4.17
4.07
4.02
3.91
3.85
3.79
3.75
3.71
3.68
3.71
3.71
