3.29
3.22
3.21
3.28
3.26
3.27
3.29
3.29
3.18
3.09
2.99
2.90
2.81
2.81
2.79
2.79
2.74
2.62
2.39
2.25
2.06
2.02
2.02
2.06
1.98
1.81
1.85
1.48
1.33
1.32
1.06
0.79
0.70
0.75
0.68
0.71
0.64
0.57
0.40
0.41
0.37
0.36
0.36
0.38
0.37
0.36
0.36
0.34
0.32
0.29
0.29
0.29
0.29
0.31
0.31
0.28
0.25
0.25
0.23
0.23
0.23
0.23
0.21
0.20
0.20
0.20
0.20
0.20
0.20
0.20
0.21
0.21
0.20
0.20
0.20
0.35
0.34
0.33
0.38
0.53
0.59
0.65
0.70
0.58
0.76
0.76
0.75
0.73
0.73
0.72
0.88
0.88
0.92
0.99
0.96
1.04
1.07
1.14
1.20
1.28
1.30
1.34
1.34
1.39
1.43
1.42
1.41
1.55
1.63
1.70
1.68
1.64
1.63
1.57
1.58
1.60
1.55
1.51
1.66
1.72
1.79
1.82
1.85
2.00
2.06
2.07
2.14
2.17
2.17
2.19
2.25
2.33
2.40
2.50
2.62
2.73
2.76
2.74
2.72
2.73
2.72
2.80
3.05
3.31
3.50
3.57
3.63
3.73
3.82
3.77
3.71
3.64
3.58
3.62
3.88
4.27
4.63
5.01
5.22
4.97
4.57
4.49
4.52
4.54
4.64
4.73
4.82
4.97
5.21
5.39
5.46
5.60
5.78
6.00
6.31
6.71
6.98
7.30
7.76
8.06
8.23
8.67
9.20
9.64
9.76
9.46
8.94
8.87
9.27
9.67
9.70
9.47
9.64
9.87
10.20
10.82
11.31
11.50
11.68
11.79
11.53
11.33
11.29
11.48
12.05
12.72
13.01
13.23
13.39
13.05
12.77
13.06
13.73
14.55
15.14
15.50
15.53
15.46
15.35
15.12
15.04
15.27
15.67
15.99
16.12
16.20
16.34
16.49
16.60
16.51
16.29
16.21
16.07
15.98
16.08
16.19
16.24
16.03
15.66
15.05
14.35
13.94
13.99
14.01
13.82
13.60
13.44
13.44
13.49
13.51
13.51
13.49
13.41
13.22
12.97
12.65
12.42
12.42
12.74
13.21
13.54
13.72
13.84
13.82
13.66
13.60
13.59
13.46
13.26
13.11
12.99
12.92
12.80
12.57
12.26
11.93
11.65
11.42
11.14
11.01
11.04
11.04
11.01
10.90
10.68
10.35
10.06
9.86
9.65
9.56
9.50
9.44
9.36
9.26
9.05
8.80
8.61
8.55
8.60
8.59
8.49
8.31
8.21
8.19
8.16
8.07
7.93
7.78
7.64
7.28
6.94
6.79
6.25
5.97
5.78
5.61
5.36
5.17
5.05
5.03
4.96
4.98
4.97
4.95
4.87
4.87
4.89
4.87
4.85
4.79
4.75
4.68
4.65
4.61
4.59
4.55
4.52
4.47
4.40
4.32
4.25
4.23
4.15
4.09
4.03
3.94
3.67
3.62
3.57
3.53
3.54
3.46
3.47
3.45
3.45
3.52
3.55
3.54
3.46
3.39
3.36
3.37
3.36
3.34
3.29
